[
   553,  723,  466, 968, -100, 308,  733,  674,  564,  535,  516,
   602,  774,  330, 620,  910, 395,  414,  898,  768,  551,  512,
   554, 1080, 1022, 670,  284, 426, -100, -100,  413,  722,  583,
   737,  615,  782, 399,  397, 718,  766,  678,  702,  523,  564,
  -100,  278,  475, 578,  907, 935,  657,  345,  422,  330,  579,
   124, -100, -100, 590,  539, 895,  708,  496,  695,  502,  458,
   674,  819,  485, 904,  820, 832,  752,  633, -100, -100,  564,
   770,  615,  880, 521,  450, 362, -100,  623,  748,  532,  382,
  -100,  698,  615, 543,  943, 662,  476,  725,  206,  410, 1070,
   599,
  ... 2900 more items
]
